0011111010110000100101101000100010100001010111101110101101111010 010010
0100011111111011100000110011111011001111001000101111010101010011 011000
1100010000101111100100011001111001100110001101011101110011110010 000000
1100011000110011100010110010100000000110111110011100111001100001 011001
1000010011011111011111110001000111011001111011111110111001000111 001111
0110110001000111010011111101000001001101010010010001011010110101 011101
0001010111101001000100000001000010010111110111011100101001101101 001111
0011101111010110011100001010100111001010101010101100110111011000 001100
1110111000100011001111110111000100100010000101101101001101110011 001001
0010000010100100010000100010001001010011011110010101110001001011 001001
1001100101110010010101000000101100101100100111110011010011010010 000000
1001111110110011110100111101010111011000011010101100101111100000 010000
0100010100001010110100001010111111110100000111010100000111000011 010100
0100110111010011011000111001100010000111001011010011000100000101 001101
0000101101000000010001111111110011011000101100011001000001011100 001011
0111000001111011101111000000001110011101010001000010010000111110 010110
1101011100110100110111000000011101001111010110111010111011110100 010010
1010011011010000110110101011110101100101010010111001011101100111 001010
0010010010101100010101000001010001101010001010100000010110110111 010100
0100010001001000011100100110100001011011111000111110110000011010 000101
1110000100000011011011101100101011001011111011010101111011111111 001110
0000001000101100101011110001011101110110100000110010101110110011 011111
0001110111000101011000011110010100100001001111000101010001111000 001010
0111000001100111010111101100001010100010111110110011000101111011 000100
0110101100110000111111001110001010001011111110100100011100001000 100000
1100011001110110010011110101000001111011101001011010100100100000 001100
1111000000011111010110001101011101010011000000100111011100110011 011100
0001100100010110111010000011001011101110011000100110111110011100 010001
1001010010000101100101100000011010100100011110000111001100111001 001110
1100110000100111111110011010101101011001010101101100100010000101 010001
1100001101110011000011110110101010010000111101001110110100111101 011100
0111000100000010110110011011110100000100000000011001001010010011 000001
1001111010001011110110100101001101101100001001000000000110100001 010010
0111101010100111110101010011111110011111011000010010011111011111 001000
1001001100010010001101011000001100011010011100011000000011101001 011100
1001011010011110010001110000011100011000010000111011011110100011 011110
1011010111001110010111111010101011000011001010000101001010110111 011100
0011101101010110101101011101000001010100000010000100111110010111 010011
1001001000010011101100001001001011100101001010000110010001110111 010001
1001100100111101100010110011111010011010110111100001111001100011 010000
1111011100101100100101111001110001010111101100110110111101101001 010101
0010000011111000001010001110001001111110000010010001001000100001 000011
0101010110000111100001000001100100100100101100101011111011110000 010111
0110011110110110001101111011100111001101001011100101010110111000 000000
1001110100101100011110011111100010110011001000000111101100110111 011011
0000010010011000000110110011100100111010110010110101111001001010 001110
0111011000111110010100111000100001011101000000111001101000101010 010000
1010011000010000110110001110101001100101101101101000010111011011 010110
1000100001111110111011110101100101011100110100101100111011101001 010110
1100111100110010010010010001111100010111111111000001000001110010 000101
1011001010001100100000110010001010011100100001110111100111100011 000001
1001001001000001001111110010110110101101110010100100111110110101 011101
1000011101110001010000010011001000111111111011100100011100001110 010011
1001000101010000111000110110110100101000011010111111010001011011 000100
0010001101100010000110010000011000001001010100101111011111000011 001111
0111100101010100100100010101101100101001001000100100001000101110 010101
0111011010011110011110111011100011000110011101001000100111110000 000101
0000001001100010100111000110000111011000011110000100010111110101 001100
1011010010010110010011110010110101010111110100111110110000100101 011111
1001100101001000011010010001000111010000111100101011010101000010 000110
0110000100001011101000001110111000100001110110110001011100010001 000111
0100101011011100000110111011110101011110010000110001100110010010 011111
1010000010111111110001100101111011001101000110011111011101010010 001011
0000110101010110010111111101101110000000010111101000100000000001 001100
